   13 
    9    82    90    53    74    79    17   101     0   124    81    29   111 
   75   107    60    43   103    80    88    31    32    59   133    84    85 
   14    89    13    61   109   106    22    93   108   146    48   163   145 
  162    83   114   147   102    94    38   126    69   159   135    36    26 
  110   149     3     8    57     2   161   132    67    97   122    40   131 
   23    51    15   134    52    27   148    20   136    30   139    50    39 
  123    86    47   120   118   158    11    42    62   105    49    12     4 
   73    28    87    77    21   160   137    76   117    19    56    68   128 
   55    99    92    96    63    35    54    64   152   168   143   151   154 
   33    65   144   121    91    16   155    25    34   104   127     5   129 
  113    10   150    24     6    58   167     7   115   100    72   142   141 
  157     1   140   112    98    41   130   166    66   164    95   116   165 
   46    71    37    18    45    44   119    78    70   138   153   125   156 
