   11 
  114    98    90    56    72    79   112    35     0    42    53 
   67    37    83   119    17    44     8    61    48    96    88 
   66   118    10    28     3    40    68    75   115    38   103 
   41    69    82     4    12    76   110   102    81    63    87 
  107    57    32    84    85    16    54    19    71     7    60 
   89     5    49   113    93    18    47     1    77    24    36 
   14    39    91    50    52    45    62   100   105     2    13 
   59    11    80    25   109   117    65    30     9    86    99 
   29    92    31    33     6    64   116    46    74   120    58 
   78   104    73    23    97   101   106    27   111    22   108 
   20    94    43    95    21    34    55    51    26    70    15 
